[
    524395,
    524399,
    524403,
    524407,
    524411,
    524415,
    524419,
    524423,
    524427,
    524431,
    524435,
    524439,
    524443,
    524447,
    524451,
    524455,
    524459,
    524463,
    524467,
    524471,
    524475,
    524479,
    524483,
    524487,
    524491,
    526443,
    526447,
    526451,
    526455,
    526459,
    526463,
    526467,
    526471,
    526475,
    526479,
    526483,
    526487,
    526491,
    526495,
    526499,
    526503,
    526507,
    526511,
    526515,
    526519,
    526523,
    526527,
    526531,
    526535,
    526539,
    528491,
    528495,
    528499,
    528503,
    528507,
    528511,
    528515,
    528519,
    528523,
    528527,
    528531,
    528535,
    528539,
    528543,
    528547,
    528551,
    528555,
    528559,
    528563,
    528567,
    528571,
    528575,
    528579,
    528583,
    528587,
    530539,
    530543,
    530547,
    530551,
    530555,
    530559,
    530563,
    530567,
    530571,
    530575,
    530579,
    530583,
    530587,
    530591,
    530595,
    530599,
    530603,
    530607,
    530611,
    530615,
    530619,
    530623,
    530627,
    530631,
    530635,
    532587,
    532591,
    532595,
    532599,
    532603,
    532607,
    532611,
    532615,
    532619,
    532623,
    532627,
    532631,
    532635,
    532639,
    532643,
    532647,
    532651,
    532655,
    532659,
    532663,
    532667,
    532671,
    532675,
    532679,
    532683,
    534635,
    534639,
    534643,
    534647,
    534651,
    534655,
    534659,
    534663,
    534667,
    534671,
    534675,
    534679,
    534683,
    534687,
    534691,
    534695,
    534699,
    534703,
    534707,
    534711,
    534715,
    534719,
    534723,
    534727,
    534731,
    536683,
    536687,
    536691,
    536695,
    536699,
    536703,
    536707,
    536711,
    536715,
    536719,
    536723,
    536727,
    536731,
    536735,
    536739,
    536743,
    536747,
    536751,
    536755,
    536759,
    536763,
    536767,
    536771,
    536775,
    536779,
    538731,
    538735,
    538739,
    538743,
    538747,
    538751,
    538755,
    538759,
    538763,
    538767,
    538771,
    538775,
    538779,
    538783,
    538787,
    538791,
    538795,
    538799,
    538803,
    538807,
    538811,
    538815,
    538819,
    538823,
    538827,
    540779,
    540783,
    540787,
    540791,
    540795,
    540799,
    540803,
    540807,
    540811,
    540815,
    540819,
    540823,
    540827,
    540831,
    540835,
    540839,
    540843,
    540847,
    540851,
    540855,
    540859,
    540863,
    540867,
    540871,
    540875,
    542827,
    542831,
    542835,
    542839,
    542843,
    542847,
    542851,
    542855,
    542859,
    542863,
    542867,
    542871,
    542875,
    542879,
    542883,
    542887,
    542891,
    542895,
    542899,
    542903,
    542907,
    542911,
    542915,
    542919,
    542923,
    544875,
    544879,
    544883,
    544887,
    544891,
    544895,
    544899,
    544903,
    544907,
    544911,
    544915,
    544919,
    544923,
    544927,
    544931,
    544935,
    544939,
    544943,
    544947,
    544951,
    544955,
    544959,
    544963,
    544967,
    544971,
    546923,
    546927,
    546931,
    546935,
    546939,
    546943,
    546947,
    546951,
    546955,
    546959,
    546963,
    546967,
    546971,
    546975,
    546979,
    546983,
    546987,
    546991,
    546995,
    546999,
    547003,
    547007,
    547011,
    547015,
    547019,
    548971,
    548975,
    548979,
    548983,
    548987,
    548991,
    548995,
    548999,
    549003,
    549007,
    549011,
    549015,
    549019,
    549023,
    549027,
    549031,
    549035,
    549039,
    549043,
    549047,
    549051,
    549055,
    549059,
    549063,
    549067,
    551019,
    551023,
    551027,
    551031,
    551035,
    551039,
    551043,
    551047,
    551051,
    551055,
    551059,
    551063,
    551067,
    551071,
    551075,
    551079,
    551083,
    551087,
    551091,
    551095,
    551099,
    551103,
    551107,
    551111,
    551115,
    553067,
    553071,
    553075,
    553079,
    553083,
    553087,
    553091,
    553095,
    553099,
    553103,
    553107,
    553111,
    553115,
    553119,
    553123,
    553127,
    553131,
    553135,
    553139,
    553143,
    553147,
    553151,
    553155,
    553159,
    553163,
    555115,
    555119,
    555123,
    555127,
    555131,
    555135,
    555139,
    555143,
    555147,
    555151,
    555155,
    555159,
    555163,
    555167,
    555171,
    555175,
    555179,
    555183,
    555187,
    555191,
    555195,
    555199,
    555203,
    555207,
    555211,
    557163,
    557167,
    557171,
    557175,
    557179,
    557183,
    557187,
    557191,
    557195,
    557199,
    557203,
    557207,
    557211,
    557215,
    557219,
    557223,
    557227,
    557231,
    557235,
    557239,
    557243,
    557247,
    557251,
    557255,
    557259,
    559211,
    559215,
    559219,
    559223,
    559227,
    559231,
    559235,
    559239,
    559243,
    559247,
    559251,
    559255,
    559259,
    559263,
    559267,
    559271,
    559275,
    559279,
    559283,
    559287,
    559291,
    559295,
    559299,
    559303,
    559307,
    561259,
    561263,
    561267,
    561271,
    561275,
    561279,
    561283,
    561287,
    561291,
    561295,
    561299,
    561303,
    561307,
    561311,
    561315,
    561319,
    561323,
    561327,
    561331,
    561335,
    561339,
    561343,
    561347,
    561351,
    561355,
    563307,
    563311,
    563315,
    563319,
    563323,
    563327,
    563331,
    563335,
    563339,
    563343,
    563347,
    563351,
    563355,
    563359,
    563363,
    563367,
    563371,
    563375,
    563379,
    563383,
    563387,
    563391,
    563395,
    563399,
    563403,
    565355,
    565359,
    565363,
    565367,
    565371,
    565375,
    565379,
    565383,
    565387,
    565391,
    565395,
    565399,
    565403,
    565407,
    565411,
    565415,
    565419,
    565423,
    565427,
    565431,
    565435,
    565439,
    565443,
    565447,
    565451,
    567403,
    567407,
    567411,
    567415,
    567419,
    567423,
    567427,
    567431,
    567435,
    567439,
    567443,
    567447,
    567451,
    567455,
    567459,
    567463,
    567467,
    567471,
    567475,
    567479,
    567483,
    567487,
    567491,
    567495,
    567499,
    569451,
    569455,
    569459,
    569463,
    569467,
    569471,
    569475,
    569479,
    569483,
    569487,
    569491,
    569495,
    569499,
    569503,
    569507,
    569511,
    569515,
    569519,
    569523,
    569527,
    569531,
    569535,
    569539,
    569543,
    569547,
    571499,
    571503,
    571507,
    571511,
    571515,
    571519,
    571523,
    571527,
    571531,
    571535,
    571539,
    571543,
    571547,
    571551,
    571555,
    571559,
    571563,
    571567,
    571571,
    571575,
    571579,
    571583,
    571587,
    571591,
    571595,
    573547,
    573551,
    573555,
    573559,
    573563,
    573567,
    573571,
    573575,
    573579,
    573583,
    573587,
    573591,
    573595,
    573599,
    573603,
    573607,
    573611,
    573615,
    573619,
    573623,
    573627,
    573631,
    573635,
    573639,
    573643,
    575595,
    575599,
    575603,
    575607,
    575611,
    575615,
    575619,
    575623,
    575627,
    575631,
    575635,
    575639,
    575643,
    575647,
    575651,
    575655,
    575659,
    575663,
    575667,
    575671,
    575675,
    575679,
    575683,
    575687,
    575691
]